%YAML:1.0

imu0:
  T_i_b:
    - [1.0, 0.0, 0.0, 0.0]
    - [0.0, 1.0, 0.0, 0.0]
    - [0.0, 0.0, 1.0, 0.0]
    - [0.0, 0.0, 0.0, 1.0]
  accelerometer_noise_density: 0.0004
  accelerometer_random_walk: 8e-05
  gyroscope_noise_density: 3.2e-05
  gyroscope_random_walk: 2e-06
  rostopic: /uav_depth_camera/gyro_accel/sample
  time_offset: 0.0
  update_rate: 200
  model: "kalibr"
  Tw:
    - [1.0, 0.0, 0.0]
    - [0.0, 1.0, 0.0]
    - [0.0, 0.0, 1.0]
  R_IMUtoGYRO:
    - [1.0, 0.0, 0.0]
    - [0.0, 1.0, 0.0]
    - [0.0, 0.0, 1.0]
  Ta:
    - [1.0, 0.0, 0.0]
    - [0.0, 1.0, 0.0]
    - [0.0, 0.0, 1.0]
  R_IMUtoACC:
    - [1.0, 0.0, 0.0]
    - [0.0, 1.0, 0.0]
    - [0.0, 0.0, 1.0]
  Tg:
    - [0.0, 0.0, 0.0]
    - [0.0, 0.0, 0.0]
    - [0.0, 0.0, 0.0]
