%YAML:1.0

cam0:
  T_cam_imu:
    - [0.999997602101, 0.00201262219001, -0.000863216865597, 0.0014]
    - [-0.00201537075069, 0.999992864692, -0.00319512837861, -0.005959]
    - [0.000856780120004, 0.00319686041904, 0.999994522991, -0.031857]
    - [0.0, 0.0, 0.0, 1.0]
  cam_overlaps: [1]
  camera_model: pinhole
  distortion_coeffs: [0, 0, 0, 0]
  distortion_model: radtan
  intrinsics: [414.194946289, 414.194946289, 419.362518311, 237.018768311]
  resolution: [848, 480]
  rostopic: /uav_depth_camera/left_ir/image_raw
  timeshift_cam_imu: 0.0073243

cam1:
  T_cam_imu:
    - [0.999997006199, 0.00241540587344, -0.000391671619474, -0.047405]
    - [-0.00241658539367, 0.999992460671, -0.0030395258017, -0.00595]
    - [0.000384326978058, 0.00304046320989, 0.999995303927, -0.03113]
    - [0.0, 0.0, 0.0, 1.0]
  T_cn_cnm1:
    - [0.999999807705, 0.00040127536281, 0.000472829796124, -0.0487875455921]
    - [-0.000401348812817, 0.999999907407, 0.00015525668034, 1.45073486433e-05]
    - [-0.000472767451662, -0.000155446420162, 0.999999876164, 0.00072673162416]
    - [0.0, 0.0, 0.0, 1.0]
  cam_overlaps: [0]
  camera_model: pinhole
  distortion_coeffs: [0, 0, 0, 0]
  distortion_model: radtan
  intrinsics: [414.194946289, 414.194946289, 419.362518311, 237.018768311]
  resolution: [848, 480]
  rostopic: /uav_depth_camera/right_ir/image_raw
  timeshift_cam_imu: 0.0073243

