%YAML:1.0

cam0:
  T_cam_imu:
    - [0.9999797454246446, -0.005182134956326586, -0.0036951613981078433, -0.00038524661417298076]
    - [0.005179634077074347, 0.9999863502717506, -0.0006860473830344973, -0.005977799050404882]
    - [0.0036986661502842405, 0.000666893903538151, 0.9999929375356762, -0.03541805052041924]
    - [0.0, 0.0, 0.0, 1.0]
  cam_overlaps: [1]
  camera_model: pinhole
  distortion_coeffs: [0.003965506776593674, -0.008806896594356666, 0.00044757943375684124, 0.0010388703715677175]
  distortion_model: radtan
  intrinsics: [409.22923871349514, 409.5520200090245, 422.6919913542495, 240.86508374811606]
  resolution: [848, 480]
  rostopic: /uav_depth_camera/left_ir/image_raw
  timeshift_cam_imu: 0.007500577766097364

cam1:
  T_cam_imu:
    - [0.9999778695150381, -0.005360665033740056, -0.003940019106802496, -0.050227826684577995]
    - [0.0053594032147103255, 0.999985583598371, -0.00033074553359473493, -0.005988626239618594]
    - [0.003941735321921633, 0.00030962206296866, 0.9999921833978656, -0.03508972857885867]
    - [0.0, 0.0, 0.0, 1.0]
  T_cn_cnm1:
    - [0.9999999540840966, -0.00017836937306148578, -0.00024498197837940756, -0.0498523231284497]
    - [0.00017845657181462897, 0.9999999207215317, 0.0003559637348675631, 1.8486282105854544e-06]
    - [0.0002449184659293908, -0.0003560074371671849, 0.9999999066368196, 0.00032628484790867495]
    - [0.0, 0.0, 0.0, 1.0]
  cam_overlaps: [0]
  camera_model: pinhole
  distortion_coeffs: [0.0029848842258569336, -0.006587242199319108, 0.00033188079114529197, 0.0010485113275983198]
  distortion_model: radtan
  intrinsics: [409.4564237323829, 409.7476285117171, 422.7454931124774, 240.68771685495543]
  resolution: [848, 480]
  rostopic: /uav_depth_camera/right_ir/image_raw
  timeshift_cam_imu: 0.007498476896896427
